1140	1140
1140	5317
1140	4264
1140	8279
1140	1302
1140	4426
1140	14823
1140	15552
1140	5155
1140	608
1140	12546
1140	7388
1140	3535
1140	11204
1140	5768
1140	14210
1140	15390
1140	941
1140	2806
1140	14328
1140	6497
1140	13932
1140	4921
1140	13770
1140	8774
1140	48
1140	9052
1140	2482
1140	8323
1140	14779
1140	11817
1140	6046
1140	10764
1140	2031
1140	14661
1140	16281
1140	7883
1140	15101
1140	1753
1140	284
1140	1258
1140	1096
1140	10151
1140	6703
1140	7432
1140	897
1140	9214
1140	10269
1140	10313
1140	2644
1140	446
1140	6992
1140	8161
1140	9665
1140	1591
1140	11042
1140	12997
1140	12708
1140	15714
1140	11493
1140	1915
1140	14166
1140	5650
1140	13437
1140	4877
1140	5812
1140	6659
1140	6541
1140	9827
1140	12384
1140	15057
1140	3373
1140	13888
1140	15219
1140	6208
1140	16443
1140	8936
1140	13275
1140	10926
1140	7270
1140	3986
1140	16399
1140	2149
1140	11655
5317	5317
5317	4264
5317	8279
5317	1302
5317	4426
5317	14823
5317	15552
5317	5155
5317	608
5317	12546
5317	7388
5317	3535
5317	11204
5317	5768
5317	14210
5317	15390
5317	941
5317	2806
5317	14328
5317	6497
5317	13932
5317	4921
5317	13770
5317	8774
5317	48
5317	9052
5317	2482
5317	8323
5317	14779
5317	11817
5317	6046
5317	10764
5317	2031
5317	14661
5317	16281
5317	7883
5317	15101
5317	1753
5317	284
5317	1258
5317	1096
5317	10151
5317	6703
5317	7432
5317	897
5317	9214
5317	10269
5317	10313
5317	2644
5317	446
5317	6992
5317	8161
5317	9665
5317	1591
5317	11042
5317	12997
5317	12708
5317	15714
5317	11493
5317	1915
5317	14166
5317	5650
5317	13437
5317	4877
5317	5812
5317	6659
5317	6541
5317	9827
5317	12384
5317	15057
5317	3373
5317	13888
5317	15219
5317	6208
5317	16443
5317	8936
5317	13275
5317	10926
5317	7270
5317	3986
5317	16399
5317	2149
5317	11655
4264	4264
4264	8279
4264	1302
4264	4426
4264	14823
4264	15552
4264	5155
4264	608
4264	12546
4264	7388
4264	3535
4264	11204
4264	5768
4264	14210
4264	15390
4264	941
4264	2806
4264	14328
4264	6497
4264	13932
4264	4921
4264	13770
4264	8774
4264	48
4264	9052
4264	2482
4264	8323
4264	14779
4264	11817
4264	6046
4264	10764
4264	2031
4264	14661
4264	16281
4264	7883
4264	15101
4264	1753
4264	284
4264	1258
4264	1096
4264	10151
4264	6703
4264	7432
4264	897
4264	9214
4264	10269
4264	10313
4264	2644
4264	446
4264	6992
4264	8161
4264	9665
4264	1591
4264	11042
4264	12997
4264	12708
4264	15714
4264	11493
4264	1915
4264	14166
4264	5650
4264	13437
4264	4877
4264	5812
4264	6659
4264	6541
4264	9827
4264	12384
4264	15057
4264	3373
4264	13888
4264	15219
4264	6208
4264	16443
4264	8936
4264	13275
4264	10926
4264	7270
4264	3986
4264	16399
4264	2149
4264	11655
8279	8279
8279	1302
8279	4426
8279	14823
8279	15552
8279	5155
8279	608
8279	12546
8279	7388
8279	3535
8279	11204
8279	5768
8279	14210
8279	15390
8279	941
8279	2806
8279	14328
8279	6497
8279	13932
8279	4921
8279	13770
8279	8774
8279	48
8279	9052
8279	2482
8279	8323
8279	14779
8279	11817
8279	6046
8279	10764
8279	2031
8279	14661
8279	16281
8279	7883
8279	15101
8279	1753
8279	284
8279	1258
8279	1096
8279	10151
8279	6703
8279	7432
8279	897
8279	9214
8279	10269
8279	10313
8279	2644
8279	446
8279	6992
8279	8161
8279	9665
8279	1591
8279	11042
8279	12997
8279	12708
8279	15714
8279	11493
8279	1915
8279	14166
8279	5650
8279	13437
8279	4877
8279	5812
8279	6659
8279	6541
8279	9827
8279	12384
8279	15057
8279	3373
8279	13888
8279	15219
8279	6208
8279	16443
8279	8936
8279	13275
8279	10926
8279	7270
8279	3986
8279	16399
8279	2149
8279	11655
1302	1302
1302	4426
1302	14823
1302	15552
1302	5155
1302	608
1302	12546
1302	7388
1302	3535
1302	11204
1302	5768
1302	14210
1302	15390
1302	941
1302	2806
1302	14328
1302	6497
1302	13932
1302	4921
1302	13770
1302	8774
1302	48
1302	9052
1302	2482
1302	8323
1302	14779
1302	11817
1302	6046
1302	10764
1302	2031
1302	14661
1302	16281
1302	7883
1302	15101
1302	1753
1302	284
1302	1258
1302	1096
1302	10151
1302	6703
1302	7432
1302	897
1302	9214
1302	10269
1302	10313
1302	2644
1302	446
1302	6992
1302	8161
1302	9665
1302	1591
1302	11042
1302	12997
1302	12708
1302	15714
1302	11493
1302	1915
1302	14166
1302	5650
1302	13437
1302	4877
1302	5812
1302	6659
1302	6541
1302	9827
1302	12384
1302	15057
1302	3373
1302	13888
1302	15219
1302	6208
1302	16443
1302	8936
1302	13275
1302	10926
1302	7270
1302	3986
1302	16399
1302	2149
1302	11655
4426	4426
4426	14823
4426	15552
4426	5155
4426	608
4426	12546
4426	7388
4426	3535
4426	11204
4426	5768
4426	14210
4426	15390
4426	941
4426	2806
4426	14328
4426	6497
4426	13932
4426	4921
4426	13770
4426	8774
4426	48
4426	9052
4426	2482
4426	8323
4426	14779
4426	11817
4426	6046
4426	10764
4426	2031
4426	14661
4426	16281
4426	7883
4426	15101
4426	1753
4426	284
4426	1258
4426	1096
4426	10151
4426	6703
4426	7432
4426	897
4426	9214
4426	10269
4426	10313
4426	2644
4426	446
4426	6992
4426	8161
4426	9665
4426	1591
4426	11042
4426	12997
4426	12708
4426	15714
4426	11493
4426	1915
4426	14166
4426	5650
4426	13437
4426	4877
4426	5812
4426	6659
4426	6541
4426	9827
4426	12384
4426	15057
4426	3373
4426	13888
4426	15219
4426	6208
4426	16443
4426	8936
4426	13275
4426	10926
4426	7270
4426	3986
4426	16399
4426	2149
4426	11655
14823	14823
14823	15552
14823	5155
14823	608
14823	12546
14823	7388
14823	3535
14823	11204
14823	5768
14823	14210
14823	15390
14823	941
14823	2806
14823	14328
14823	6497
14823	13932
14823	4921
14823	13770
14823	8774
14823	48
14823	9052
14823	2482
14823	8323
14823	14779
14823	11817
14823	6046
14823	10764
14823	2031
14823	14661
14823	16281
14823	7883
14823	15101
14823	1753
14823	284
14823	1258
14823	1096
14823	10151
14823	6703
14823	7432
14823	897
14823	9214
14823	10269
14823	10313
14823	2644
14823	446
14823	6992
14823	8161
14823	9665
14823	1591
14823	11042
14823	12997
14823	12708
14823	15714
14823	11493
14823	1915
14823	14166
14823	5650
14823	13437
14823	4877
14823	5812
14823	6659
14823	6541
14823	9827
14823	12384
14823	15057
14823	3373
14823	13888
14823	15219
14823	6208
14823	16443
14823	8936
14823	13275
14823	10926
14823	7270
14823	3986
14823	16399
14823	2149
14823	11655
15552	15552
15552	5155
15552	608
15552	12546
15552	7388
15552	3535
15552	11204
15552	5768
15552	14210
15552	15390
15552	941
15552	2806
15552	14328
15552	6497
15552	13932
15552	4921
15552	13770
15552	8774
15552	48
15552	9052
15552	2482
15552	8323
15552	14779
15552	11817
15552	6046
15552	10764
15552	2031
15552	14661
15552	16281
15552	7883
15552	15101
15552	1753
15552	284
15552	1258
15552	1096
15552	10151
15552	6703
15552	7432
15552	897
15552	9214
15552	10269
15552	10313
15552	2644
15552	446
15552	6992
15552	8161
15552	9665
15552	1591
15552	11042
15552	12997
15552	12708
15552	15714
15552	11493
15552	1915
15552	14166
15552	5650
15552	13437
15552	4877
15552	5812
15552	6659
15552	6541
15552	9827
15552	12384
15552	15057
15552	3373
15552	13888
15552	15219
15552	6208
15552	16443
15552	8936
15552	13275
15552	10926
15552	7270
15552	3986
15552	16399
15552	2149
15552	11655
5155	5155
5155	608
5155	12546
5155	7388
5155	3535
5155	11204
5155	5768
5155	14210
5155	15390
5155	941
5155	2806
5155	14328
5155	6497
5155	13932
5155	4921
5155	13770
5155	8774
5155	48
5155	9052
5155	2482
5155	8323
5155	14779
5155	11817
5155	6046
5155	10764
5155	2031
5155	14661
5155	16281
5155	7883
5155	15101
5155	1753
5155	284
5155	1258
5155	1096
5155	10151
5155	6703
5155	7432
5155	897
5155	9214
5155	10269
5155	10313
5155	2644
5155	446
5155	6992
5155	8161
5155	9665
5155	1591
5155	11042
5155	12997
5155	12708
5155	15714
5155	11493
5155	1915
5155	14166
5155	5650
5155	13437
5155	4877
5155	5812
5155	6659
5155	6541
5155	9827
5155	12384
5155	15057
5155	3373
5155	13888
5155	15219
5155	6208
5155	16443
5155	8936
5155	13275
5155	10926
5155	7270
5155	3986
5155	16399
5155	2149
5155	11655
608	608
608	12546
608	7388
608	3535
608	11204
608	5768
608	14210
608	15390
608	941
608	2806
608	14328
608	6497
608	13932
608	4921
608	13770
608	8774
608	48
608	9052
608	2482
608	8323
608	14779
608	11817
608	6046
608	10764
608	2031
608	14661
608	16281
608	7883
608	15101
608	1753
608	284
608	1258
608	1096
608	10151
608	6703
608	7432
608	897
608	9214
608	10269
608	10313
608	2644
608	446
608	6992
608	8161
608	9665
608	1591
608	11042
608	12997
608	12708
608	15714
608	11493
608	1915
608	14166
608	5650
608	13437
608	4877
608	5812
608	6659
608	6541
608	9827
608	12384
608	15057
608	3373
608	13888
608	15219
608	6208
608	16443
608	8936
608	13275
608	10926
608	7270
608	3986
608	16399
608	2149
608	11655
12546	12546
12546	7388
12546	3535
12546	11204
12546	5768
12546	14210
12546	15390
12546	941
12546	2806
12546	14328
12546	6497
12546	13932
12546	4921
12546	13770
12546	8774
12546	48
12546	9052
12546	2482
12546	8323
12546	14779
12546	11817
12546	6046
12546	10764
12546	2031
12546	14661
12546	16281
12546	7883
12546	15101
12546	1753
12546	284
12546	1258
12546	1096
12546	10151
12546	6703
12546	7432
12546	897
12546	9214
12546	10269
12546	10313
12546	2644
12546	446
12546	6992
12546	8161
12546	9665
12546	1591
12546	11042
12546	12997
12546	12708
12546	15714
12546	11493
12546	1915
12546	14166
12546	5650
12546	13437
12546	4877
12546	5812
12546	6659
12546	6541
12546	9827
12546	12384
12546	15057
12546	3373
12546	13888
12546	15219
12546	6208
12546	16443
12546	8936
12546	13275
12546	10926
12546	7270
12546	3986
12546	16399
12546	2149
12546	11655
7388	7388
7388	3535
7388	11204
7388	5768
7388	14210
7388	15390
7388	941
7388	2806
7388	14328
7388	6497
7388	13932
7388	4921
7388	13770
7388	8774
7388	48
7388	9052
7388	2482
7388	8323
7388	14779
7388	11817
7388	6046
7388	10764
7388	2031
7388	14661
7388	16281
7388	7883
7388	15101
7388	1753
7388	284
7388	1258
7388	1096
7388	10151
7388	6703
7388	7432
7388	897
7388	9214
7388	10269
7388	10313
7388	2644
7388	446
7388	6992
7388	8161
7388	9665
7388	1591
7388	11042
7388	12997
7388	12708
7388	15714
7388	11493
7388	1915
7388	14166
7388	5650
7388	13437
7388	4877
7388	5812
7388	6659
7388	6541
7388	9827
7388	12384
7388	15057
7388	3373
7388	13888
7388	15219
7388	6208
7388	16443
7388	8936
7388	13275
7388	10926
7388	7270
7388	3986
7388	16399
7388	2149
7388	11655
3535	3535
3535	11204
3535	5768
3535	14210
3535	15390
3535	941
3535	2806
3535	14328
3535	6497
3535	13932
3535	4921
3535	13770
3535	8774
3535	48
3535	9052
3535	2482
3535	8323
3535	14779
3535	11817
3535	6046
3535	10764
3535	2031
3535	14661
3535	16281
3535	7883
3535	15101
3535	1753
3535	284
3535	1258
3535	1096
3535	10151
3535	6703
3535	7432
3535	897
3535	9214
3535	10269
3535	10313
3535	2644
3535	446
3535	6992
3535	8161
3535	9665
3535	1591
3535	11042
3535	12997
3535	12708
3535	15714
3535	11493
3535	1915
3535	14166
3535	5650
3535	13437
3535	4877
3535	5812
3535	6659
3535	6541
3535	9827
3535	12384
3535	15057
3535	3373
3535	13888
3535	15219
3535	6208
3535	16443
3535	8936
3535	13275
3535	10926
3535	7270
3535	3986
3535	16399
3535	2149
3535	11655
11204	11204
11204	5768
11204	14210
11204	15390
11204	941
11204	2806
11204	14328
11204	6497
11204	13932
11204	4921
11204	13770
11204	8774
11204	48
11204	9052
11204	2482
11204	8323
11204	14779
11204	11817
11204	6046
11204	10764
11204	2031
11204	14661
11204	16281
11204	7883
11204	15101
11204	1753
11204	284
11204	1258
11204	1096
11204	10151
11204	6703
11204	7432
11204	897
11204	9214
11204	10269
11204	10313
11204	2644
11204	446
11204	6992
11204	8161
11204	9665
11204	1591
11204	11042
11204	12997
11204	12708
11204	15714
11204	11493
11204	1915
11204	14166
11204	5650
11204	13437
11204	4877
11204	5812
11204	6659
11204	6541
11204	9827
11204	12384
11204	15057
11204	3373
11204	13888
11204	15219
11204	6208
11204	16443
11204	8936
11204	13275
11204	10926
11204	7270
11204	3986
11204	16399
11204	2149
11204	11655
5768	5768
5768	14210
5768	15390
5768	941
5768	2806
5768	14328
5768	6497
5768	13932
5768	4921
5768	13770
5768	8774
5768	48
5768	9052
5768	2482
5768	8323
5768	14779
5768	11817
5768	6046
5768	10764
5768	2031
5768	14661
5768	16281
5768	7883
5768	15101
5768	1753
5768	284
5768	1258
5768	1096
5768	10151
5768	6703
5768	7432
5768	897
5768	9214
5768	10269
5768	10313
5768	2644
5768	446
5768	6992
5768	8161
5768	9665
5768	1591
5768	11042
5768	12997
5768	12708
5768	15714
5768	11493
5768	1915
5768	14166
5768	5650
5768	13437
5768	4877
5768	5812
5768	6659
5768	6541
5768	9827
5768	12384
5768	15057
5768	3373
5768	13888
5768	15219
5768	6208
5768	16443
5768	8936
5768	13275
5768	10926
5768	7270
5768	3986
5768	16399
5768	2149
5768	11655
14210	14210
14210	15390
14210	941
14210	2806
14210	14328
14210	6497
14210	13932
14210	4921
14210	13770
14210	8774
14210	48
14210	9052
14210	2482
14210	8323
14210	14779
14210	11817
14210	6046
14210	10764
14210	2031
14210	14661
14210	16281
14210	7883
14210	15101
14210	1753
14210	284
14210	1258
14210	1096
14210	10151
14210	6703
14210	7432
14210	897
14210	9214
14210	10269
14210	10313
14210	2644
14210	446
14210	6992
14210	8161
14210	9665
14210	1591
14210	11042
14210	12997
14210	12708
14210	15714
14210	11493
14210	1915
14210	14166
14210	5650
14210	13437
14210	4877
14210	5812
14210	6659
14210	6541
14210	9827
14210	12384
14210	15057
14210	3373
14210	13888
14210	15219
14210	6208
14210	16443
14210	8936
14210	13275
14210	10926
14210	7270
14210	3986
14210	16399
14210	2149
14210	11655
15390	15390
15390	941
15390	2806
15390	14328
15390	6497
15390	13932
15390	4921
15390	13770
15390	8774
15390	48
15390	9052
15390	2482
15390	8323
15390	14779
15390	11817
15390	6046
15390	10764
15390	2031
15390	14661
15390	16281
15390	7883
15390	15101
15390	1753
15390	284
15390	1258
15390	1096
15390	10151
15390	6703
15390	7432
15390	897
15390	9214
15390	10269
15390	10313
15390	2644
15390	446
15390	6992
15390	8161
15390	9665
15390	1591
15390	11042
15390	12997
15390	12708
15390	15714
15390	11493
15390	1915
15390	14166
15390	5650
15390	13437
15390	4877
15390	5812
15390	6659
15390	6541
15390	9827
15390	12384
15390	15057
15390	3373
15390	13888
15390	15219
15390	6208
15390	16443
15390	8936
15390	13275
15390	10926
15390	7270
15390	3986
15390	16399
15390	2149
15390	11655
941	941
941	2806
941	14328
941	6497
941	13932
941	4921
941	13770
941	8774
941	48
941	9052
941	2482
941	8323
941	14779
941	11817
941	6046
941	10764
941	2031
941	14661
941	16281
941	7883
941	15101
941	1753
941	284
941	1258
941	1096
941	10151
941	6703
941	7432
941	897
941	9214
941	10269
941	10313
941	2644
941	446
941	6992
941	8161
941	9665
941	1591
941	11042
941	12997
941	12708
941	15714
941	11493
941	1915
941	14166
941	5650
941	13437
941	4877
941	5812
941	6659
941	6541
941	9827
941	12384
941	15057
941	3373
941	13888
941	15219
941	6208
941	16443
941	8936
941	13275
941	10926
941	7270
941	3986
941	16399
941	2149
941	11655
2806	2806
2806	14328
2806	6497
2806	13932
2806	4921
2806	13770
2806	8774
2806	48
2806	9052
2806	2482
2806	8323
2806	14779
2806	11817
2806	6046
2806	10764
2806	2031
2806	14661
2806	16281
2806	7883
2806	15101
2806	1753
2806	284
2806	1258
2806	1096
2806	10151
2806	6703
2806	7432
2806	897
2806	9214
2806	10269
2806	10313
2806	2644
2806	446
2806	6992
2806	8161
2806	9665
2806	1591
2806	11042
2806	12997
2806	12708
2806	15714
2806	11493
2806	1915
2806	14166
2806	5650
2806	13437
2806	4877
2806	5812
2806	6659
2806	6541
2806	9827
2806	12384
2806	15057
2806	3373
2806	13888
2806	15219
2806	6208
2806	16443
2806	8936
2806	13275
2806	10926
2806	7270
2806	3986
2806	16399
2806	2149
2806	11655
14328	14328
14328	6497
14328	13932
14328	4921
14328	13770
14328	8774
14328	48
14328	9052
14328	2482
14328	8323
14328	14779
14328	11817
14328	6046
14328	10764
14328	2031
14328	14661
14328	16281
14328	7883
14328	15101
14328	1753
14328	284
14328	1258
14328	1096
14328	10151
14328	6703
14328	7432
14328	897
14328	9214
14328	10269
14328	10313
14328	2644
14328	446
14328	6992
14328	8161
14328	9665
14328	1591
14328	11042
14328	12997
14328	12708
14328	15714
14328	11493
14328	1915
14328	14166
14328	5650
14328	13437
14328	4877
14328	5812
14328	6659
14328	6541
14328	9827
14328	12384
14328	15057
14328	3373
14328	13888
14328	15219
14328	6208
14328	16443
14328	8936
14328	13275
14328	10926
14328	7270
14328	3986
14328	16399
14328	2149
14328	11655
6497	6497
6497	13932
6497	4921
6497	13770
6497	8774
6497	48
6497	9052
6497	2482
6497	8323
6497	14779
6497	11817
6497	6046
6497	10764
6497	2031
6497	14661
6497	16281
6497	7883
6497	15101
6497	1753
6497	284
6497	1258
6497	1096
6497	10151
6497	6703
6497	7432
6497	897
6497	9214
6497	10269
6497	10313
6497	2644
6497	446
6497	6992
6497	8161
6497	9665
6497	1591
6497	11042
6497	12997
6497	12708
6497	15714
6497	11493
6497	1915
6497	14166
6497	5650
6497	13437
6497	4877
6497	5812
6497	6659
6497	6541
6497	9827
6497	12384
6497	15057
6497	3373
6497	13888
6497	15219
6497	6208
6497	16443
6497	8936
6497	13275
6497	10926
6497	7270
6497	3986
6497	16399
6497	2149
6497	11655
13932	13932
13932	4921
13932	13770
13932	8774
13932	48
13932	9052
13932	2482
13932	8323
13932	14779
13932	11817
13932	6046
13932	10764
13932	2031
13932	14661
13932	16281
13932	7883
13932	15101
13932	1753
13932	284
13932	1258
13932	1096
13932	10151
13932	6703
13932	7432
13932	897
13932	9214
13932	10269
13932	10313
13932	2644
13932	446
13932	6992
13932	8161
13932	9665
13932	1591
13932	11042
13932	12997
13932	12708
13932	15714
13932	11493
13932	1915
13932	14166
13932	5650
13932	13437
13932	4877
13932	5812
13932	6659
13932	6541
13932	9827
13932	12384
13932	15057
13932	3373
13932	13888
13932	15219
13932	6208
13932	16443
13932	8936
13932	13275
13932	10926
13932	7270
13932	3986
13932	16399
13932	2149
13932	11655
4921	4921
4921	13770
4921	8774
4921	48
4921	9052
4921	2482
4921	8323
4921	14779
4921	11817
4921	6046
4921	10764
4921	2031
4921	14661
4921	16281
4921	7883
4921	15101
4921	1753
4921	284
4921	1258
4921	1096
4921	10151
4921	6703
4921	7432
4921	897
4921	9214
4921	10269
4921	10313
4921	2644
4921	446
4921	6992
4921	8161
4921	9665
4921	1591
4921	11042
4921	12997
4921	12708
4921	15714
4921	11493
4921	1915
4921	14166
4921	5650
4921	13437
4921	4877
4921	5812
4921	6659
4921	6541
4921	9827
4921	12384
4921	15057
4921	3373
4921	13888
4921	15219
4921	6208
4921	16443
4921	8936
4921	13275
4921	10926
4921	7270
4921	3986
4921	16399
4921	2149
4921	11655
13770	13770
13770	8774
13770	48
13770	9052
13770	2482
13770	8323
13770	14779
13770	11817
13770	6046
13770	10764
13770	2031
13770	14661
13770	16281
13770	7883
13770	15101
13770	1753
13770	284
13770	1258
13770	1096
13770	10151
13770	6703
13770	7432
13770	897
13770	9214
13770	10269
13770	10313
13770	2644
13770	446
13770	6992
13770	8161
13770	9665
13770	1591
13770	11042
13770	12997
13770	12708
13770	15714
13770	11493
13770	1915
13770	14166
13770	5650
13770	13437
13770	4877
13770	5812
13770	6659
13770	6541
13770	9827
13770	12384
13770	15057
13770	3373
13770	13888
13770	15219
13770	6208
13770	16443
13770	8936
13770	13275
13770	10926
13770	7270
13770	3986
13770	16399
13770	2149
13770	11655
8774	8774
8774	48
8774	9052
8774	2482
8774	8323
8774	14779
8774	11817
8774	6046
8774	10764
8774	2031
8774	14661
8774	16281
8774	7883
8774	15101
8774	1753
8774	284
8774	1258
8774	1096
8774	10151
8774	6703
8774	7432
8774	897
8774	9214
8774	10269
8774	10313
8774	2644
8774	446
8774	6992
8774	8161
8774	9665
8774	1591
8774	11042
8774	12997
8774	12708
8774	15714
8774	11493
8774	1915
8774	14166
8774	5650
8774	13437
8774	4877
8774	5812
8774	6659
8774	6541
8774	9827
8774	12384
8774	15057
8774	3373
8774	13888
8774	15219
8774	6208
8774	16443
8774	8936
8774	13275
8774	10926
8774	7270
8774	3986
8774	16399
8774	2149
8774	11655
48	48
48	9052
48	2482
48	8323
48	14779
48	11817
48	6046
48	10764
48	2031
48	14661
48	16281
48	7883
48	15101
48	1753
48	284
48	1258
48	1096
48	10151
48	6703
48	7432
48	897
48	9214
48	10269
48	10313
48	2644
48	446
48	6992
48	8161
48	9665
48	1591
48	11042
48	12997
48	12708
48	15714
48	11493
48	1915
48	14166
48	5650
48	13437
48	4877
48	5812
48	6659
48	6541
48	9827
48	12384
48	15057
48	3373
48	13888
48	15219
48	6208
48	16443
48	8936
48	13275
48	10926
48	7270
48	3986
48	16399
48	2149
48	11655
9052	9052
9052	2482
9052	8323
9052	14779
9052	11817
9052	6046
9052	10764
9052	2031
9052	14661
9052	16281
9052	7883
9052	15101
9052	1753
9052	284
9052	1258
9052	1096
9052	10151
9052	6703
9052	7432
9052	897
9052	9214
9052	10269
9052	10313
9052	2644
9052	446
9052	6992
9052	8161
9052	9665
9052	1591
9052	11042
9052	12997
9052	12708
9052	15714
9052	11493
9052	1915
9052	14166
9052	5650
9052	13437
9052	4877
9052	5812
9052	6659
9052	6541
9052	9827
9052	12384
9052	15057
9052	3373
9052	13888
9052	15219
9052	6208
9052	16443
9052	8936
9052	13275
9052	10926
9052	7270
9052	3986
9052	16399
9052	2149
9052	11655
2482	2482
2482	8323
2482	14779
2482	11817
2482	6046
2482	10764
2482	2031
2482	14661
2482	16281
2482	7883
2482	15101
2482	1753
2482	284
2482	1258
2482	1096
2482	10151
2482	6703
2482	7432
2482	897
2482	9214
2482	10269
2482	10313
2482	2644
2482	446
2482	6992
2482	8161
2482	9665
2482	1591
2482	11042
2482	12997
2482	12708
2482	15714
2482	11493
2482	1915
2482	14166
2482	5650
2482	13437
2482	4877
2482	5812
2482	6659
2482	6541
2482	9827
2482	12384
2482	15057
2482	3373
2482	13888
2482	15219
2482	6208
2482	16443
2482	8936
2482	13275
2482	10926
2482	7270
2482	3986
2482	16399
2482	2149
2482	11655
8323	8323
8323	14779
8323	11817
8323	6046
8323	10764
8323	2031
8323	14661
8323	16281
8323	7883
8323	15101
8323	1753
8323	284
8323	1258
8323	1096
8323	10151
8323	6703
8323	7432
8323	897
8323	9214
8323	10269
8323	10313
8323	2644
8323	446
8323	6992
8323	8161
8323	9665
8323	1591
8323	11042
8323	12997
8323	12708
8323	15714
8323	11493
8323	1915
8323	14166
8323	5650
8323	13437
8323	4877
8323	5812
8323	6659
8323	6541
8323	9827
8323	12384
8323	15057
8323	3373
8323	13888
8323	15219
8323	6208
8323	16443
8323	8936
8323	13275
8323	10926
8323	7270
8323	3986
8323	16399
8323	2149
8323	11655
14779	14779
14779	11817
14779	6046
14779	10764
14779	2031
14779	14661
14779	16281
14779	7883
14779	15101
14779	1753
14779	284
14779	1258
14779	1096
14779	10151
14779	6703
14779	7432
14779	897
14779	9214
14779	10269
14779	10313
14779	2644
14779	446
14779	6992
14779	8161
14779	9665
14779	1591
14779	11042
14779	12997
14779	12708
14779	15714
14779	11493
14779	1915
14779	14166
14779	5650
14779	13437
14779	4877
14779	5812
14779	6659
14779	6541
14779	9827
14779	12384
14779	15057
14779	3373
14779	13888
14779	15219
14779	6208
14779	16443
14779	8936
14779	13275
14779	10926
14779	7270
14779	3986
14779	16399
14779	2149
14779	11655
11817	11817
11817	6046
11817	10764
11817	2031
11817	14661
11817	16281
11817	7883
11817	15101
11817	1753
11817	284
11817	1258
11817	1096
11817	10151
11817	6703
11817	7432
11817	897
11817	9214
11817	10269
11817	10313
11817	2644
11817	446
11817	6992
11817	8161
11817	9665
11817	1591
11817	11042
11817	12997
11817	12708
11817	15714
11817	11493
11817	1915
11817	14166
11817	5650
11817	13437
11817	4877
11817	5812
11817	6659
11817	6541
11817	9827
11817	12384
11817	15057
11817	3373
11817	13888
11817	15219
11817	6208
11817	16443
11817	8936
11817	13275
11817	10926
11817	7270
11817	3986
11817	16399
11817	2149
11817	11655
6046	6046
6046	10764
6046	2031
6046	14661
6046	16281
6046	7883
6046	15101
6046	1753
6046	284
6046	1258
6046	1096
6046	10151
6046	6703
6046	7432
6046	897
6046	9214
6046	10269
6046	10313
6046	2644
6046	446
6046	6992
6046	8161
6046	9665
6046	1591
6046	11042
6046	12997
6046	12708
6046	15714
6046	11493
6046	1915
6046	14166
6046	5650
6046	13437
6046	4877
6046	5812
6046	6659
6046	6541
6046	9827
6046	12384
6046	15057
6046	3373
6046	13888
6046	15219
6046	6208
6046	16443
6046	8936
6046	13275
6046	10926
6046	7270
6046	3986
6046	16399
6046	2149
6046	11655
10764	10764
10764	2031
10764	14661
10764	16281
10764	7883
10764	15101
10764	1753
10764	284
10764	1258
10764	1096
10764	10151
10764	6703
10764	7432
10764	897
10764	9214
10764	10269
10764	10313
10764	2644
10764	446
10764	6992
10764	8161
10764	9665
10764	1591
10764	11042
10764	12997
10764	12708
10764	15714
10764	11493
10764	1915
10764	14166
10764	5650
10764	13437
10764	4877
10764	5812
10764	6659
10764	6541
10764	9827
10764	12384
10764	15057
10764	3373
10764	13888
10764	15219
10764	6208
10764	16443
10764	8936
10764	13275
10764	10926
10764	7270
10764	3986
10764	16399
10764	2149
10764	11655
2031	2031
2031	14661
2031	16281
2031	7883
2031	15101
2031	1753
2031	284
2031	1258
2031	1096
2031	10151
2031	6703
2031	7432
2031	897
2031	9214
2031	10269
2031	10313
2031	2644
2031	446
2031	6992
2031	8161
2031	9665
2031	1591
2031	11042
2031	12997
2031	12708
2031	15714
2031	11493
2031	1915
2031	14166
2031	5650
2031	13437
2031	4877
2031	5812
2031	6659
2031	6541
2031	9827
2031	12384
2031	15057
2031	3373
2031	13888
2031	15219
2031	6208
2031	16443
2031	8936
2031	13275
2031	10926
2031	7270
2031	3986
2031	16399
2031	2149
2031	11655
14661	14661
14661	16281
14661	7883
14661	15101
14661	1753
14661	284
14661	1258
14661	1096
14661	10151
14661	6703
14661	7432
14661	897
14661	9214
14661	10269
14661	10313
14661	2644
14661	446
14661	6992
14661	8161
14661	9665
14661	1591
14661	11042
14661	12997
14661	12708
14661	15714
14661	11493
14661	1915
14661	14166
14661	5650
14661	13437
14661	4877
14661	5812
14661	6659
14661	6541
14661	9827
14661	12384
14661	15057
14661	3373
14661	13888
14661	15219
14661	6208
14661	16443
14661	8936
14661	13275
14661	10926
14661	7270
14661	3986
14661	16399
14661	2149
14661	11655
16281	16281
16281	7883
16281	15101
16281	1753
16281	284
16281	1258
16281	1096
16281	10151
16281	6703
16281	7432
16281	897
16281	9214
16281	10269
16281	10313
16281	2644
16281	446
16281	6992
16281	8161
16281	9665
16281	1591
16281	11042
16281	12997
16281	12708
16281	15714
16281	11493
16281	1915
16281	14166
16281	5650
16281	13437
16281	4877
16281	5812
16281	6659
16281	6541
16281	9827
16281	12384
16281	15057
16281	3373
16281	13888
16281	15219
16281	6208
16281	16443
16281	8936
16281	13275
16281	10926
16281	7270
16281	3986
16281	16399
16281	2149
16281	11655
7883	7883
7883	15101
7883	1753
7883	284
7883	1258
7883	1096
7883	10151
7883	6703
7883	7432
7883	897
7883	9214
7883	10269
7883	10313
7883	2644
7883	446
7883	6992
7883	8161
7883	9665
7883	1591
7883	11042
7883	12997
7883	12708
7883	15714
7883	11493
7883	1915
7883	14166
7883	5650
7883	13437
7883	4877
7883	5812
7883	6659
7883	6541
7883	9827
7883	12384
7883	15057
7883	3373
7883	13888
7883	15219
7883	6208
7883	16443
7883	8936
7883	13275
7883	10926
7883	7270
7883	3986
7883	16399
7883	2149
7883	11655
15101	15101
15101	1753
15101	284
15101	1258
15101	1096
15101	10151
15101	6703
15101	7432
15101	897
15101	9214
15101	10269
15101	10313
15101	2644
15101	446
15101	6992
15101	8161
15101	9665
15101	1591
15101	11042
15101	12997
15101	12708
15101	15714
15101	11493
15101	1915
15101	14166
15101	5650
15101	13437
15101	4877
15101	5812
15101	6659
15101	6541
15101	9827
15101	12384
15101	15057
15101	3373
15101	13888
15101	15219
15101	6208
15101	16443
15101	8936
15101	13275
15101	10926
15101	7270
15101	3986
15101	16399
15101	2149
15101	11655
1753	1753
1753	284
1753	1258
1753	1096
1753	10151
1753	6703
1753	7432
1753	897
1753	9214
1753	10269
1753	10313
1753	2644
1753	446
1753	6992
1753	8161
1753	9665
1753	1591
1753	11042
1753	12997
1753	12708
1753	15714
1753	11493
1753	1915
1753	14166
1753	5650
1753	13437
1753	4877
1753	5812
1753	6659
1753	6541
1753	9827
1753	12384
1753	15057
1753	3373
1753	13888
1753	15219
1753	6208
1753	16443
1753	8936
1753	13275
1753	10926
1753	7270
1753	3986
1753	16399
1753	2149
1753	11655
284	284
284	1258
284	1096
284	10151
284	6703
284	7432
284	897
284	9214
284	10269
284	10313
284	2644
284	446
284	6992
284	8161
284	9665
284	1591
284	11042
284	12997
284	12708
284	15714
284	11493
284	1915
284	14166
284	5650
284	13437
284	4877
284	5812
284	6659
284	6541
284	9827
284	12384
284	15057
284	3373
284	13888
284	15219
284	6208
284	16443
284	8936
284	13275
284	10926
284	7270
284	3986
284	16399
284	2149
284	11655
1258	1258
1258	1096
1258	10151
1258	6703
1258	7432
1258	897
1258	9214
1258	10269
1258	10313
1258	2644
1258	446
1258	6992
1258	8161
1258	9665
1258	1591
1258	11042
1258	12997
1258	12708
1258	15714
1258	11493
1258	1915
1258	14166
1258	5650
1258	13437
1258	4877
1258	5812
1258	6659
1258	6541
1258	9827
1258	12384
1258	15057
1258	3373
1258	13888
1258	15219
1258	6208
1258	16443
1258	8936
1258	13275
1258	10926
1258	7270
1258	3986
1258	16399
1258	2149
1258	11655
1096	1096
1096	10151
1096	6703
1096	7432
1096	897
1096	9214
1096	10269
1096	10313
1096	2644
1096	446
1096	6992
1096	8161
1096	9665
1096	1591
1096	11042
1096	12997
1096	12708
1096	15714
1096	11493
1096	1915
1096	14166
1096	5650
1096	13437
1096	4877
1096	5812
1096	6659
1096	6541
1096	9827
1096	12384
1096	15057
1096	3373
1096	13888
1096	15219
1096	6208
1096	16443
1096	8936
1096	13275
1096	10926
1096	7270
1096	3986
1096	16399
1096	2149
1096	11655
10151	10151
10151	6703
10151	7432
10151	897
10151	9214
10151	10269
10151	10313
10151	2644
10151	446
10151	6992
10151	8161
10151	9665
10151	1591
10151	11042
10151	12997
10151	12708
10151	15714
10151	11493
10151	1915
10151	14166
10151	5650
10151	13437
10151	4877
10151	5812
10151	6659
10151	6541
10151	9827
10151	12384
10151	15057
10151	3373
10151	13888
10151	15219
10151	6208
10151	16443
10151	8936
10151	13275
10151	10926
10151	7270
10151	3986
10151	16399
10151	2149
10151	11655
6703	6703
6703	7432
6703	897
6703	9214
6703	10269
6703	10313
6703	2644
6703	446
6703	6992
6703	8161
6703	9665
6703	1591
6703	11042
6703	12997
6703	12708
6703	15714
6703	11493
6703	1915
6703	14166
6703	5650
6703	13437
6703	4877
6703	5812
6703	6659
6703	6541
6703	9827
6703	12384
6703	15057
6703	3373
6703	13888
6703	15219
6703	6208
6703	16443
6703	8936
6703	13275
6703	10926
6703	7270
6703	3986
6703	16399
6703	2149
6703	11655
7432	7432
7432	897
7432	9214
7432	10269
7432	10313
7432	2644
7432	446
7432	6992
7432	8161
7432	9665
7432	1591
7432	11042
7432	12997
7432	12708
7432	15714
7432	11493
7432	1915
7432	14166
7432	5650
7432	13437
7432	4877
7432	5812
7432	6659
7432	6541
7432	9827
7432	12384
7432	15057
7432	3373
7432	13888
7432	15219
7432	6208
7432	16443
7432	8936
7432	13275
7432	10926
7432	7270
7432	3986
7432	16399
7432	2149
7432	11655
897	897
897	9214
897	10269
897	10313
897	2644
897	446
897	6992
897	8161
897	9665
897	1591
897	11042
897	12997
897	12708
897	15714
897	11493
897	1915
897	14166
897	5650
897	13437
897	4877
897	5812
897	6659
897	6541
897	9827
897	12384
897	15057
897	3373
897	13888
897	15219
897	6208
897	16443
897	8936
897	13275
897	10926
897	7270
897	3986
897	16399
897	2149
897	11655
9214	9214
9214	10269
9214	10313
9214	2644
9214	446
9214	6992
9214	8161
9214	9665
9214	1591
9214	11042
9214	12997
9214	12708
9214	15714
9214	11493
9214	1915
9214	14166
9214	5650
9214	13437
9214	4877
9214	5812
9214	6659
9214	6541
9214	9827
9214	12384
9214	15057
9214	3373
9214	13888
9214	15219
9214	6208
9214	16443
9214	8936
9214	13275
9214	10926
9214	7270
9214	3986
9214	16399
9214	2149
9214	11655
10269	10269
10269	10313
10269	2644
10269	446
10269	6992
10269	8161
10269	9665
10269	1591
10269	11042
10269	12997
10269	12708
10269	15714
10269	11493
10269	1915
10269	14166
10269	5650
10269	13437
10269	4877
10269	5812
10269	6659
10269	6541
10269	9827
10269	12384
10269	15057
10269	3373
10269	13888
10269	15219
10269	6208
10269	16443
10269	8936
10269	13275
10269	10926
10269	7270
10269	3986
10269	16399
10269	2149
10269	11655
10313	10313
10313	2644
10313	446
10313	6992
10313	8161
10313	9665
10313	1591
10313	11042
10313	12997
10313	12708
10313	15714
10313	11493
10313	1915
10313	14166
10313	5650
10313	13437
10313	4877
10313	5812
10313	6659
10313	6541
10313	9827
10313	12384
10313	15057
10313	3373
10313	13888
10313	15219
10313	6208
10313	16443
10313	8936
10313	13275
10313	10926
10313	7270
10313	3986
10313	16399
10313	2149
10313	11655
2644	2644
2644	446
2644	6992
2644	8161
2644	9665
2644	1591
2644	11042
2644	12997
2644	12708
2644	15714
2644	11493
2644	1915
2644	14166
2644	5650
2644	13437
2644	4877
2644	5812
2644	6659
2644	6541
2644	9827
2644	12384
2644	15057
2644	3373
2644	13888
2644	15219
2644	6208
2644	16443
2644	8936
2644	13275
2644	10926
2644	7270
2644	3986
2644	16399
2644	2149
2644	11655
446	446
446	6992
446	8161
446	9665
446	1591
446	11042
446	12997
446	12708
446	15714
446	11493
446	1915
446	14166
446	5650
446	13437
446	4877
446	5812
446	6659
446	6541
446	9827
446	12384
446	15057
446	3373
446	13888
446	15219
446	6208
446	16443
446	8936
446	13275
446	10926
446	7270
446	3986
446	16399
446	2149
446	11655
6992	6992
6992	8161
6992	9665
6992	1591
6992	11042
6992	12997
6992	12708
6992	15714
6992	11493
6992	1915
6992	14166
6992	5650
6992	13437
6992	4877
6992	5812
6992	6659
6992	6541
6992	9827
6992	12384
6992	15057
6992	3373
6992	13888
6992	15219
6992	6208
6992	16443
6992	8936
6992	13275
6992	10926
6992	7270
6992	3986
6992	16399
6992	2149
6992	11655
8161	8161
8161	9665
8161	1591
8161	11042
8161	12997
8161	12708
8161	15714
8161	11493
8161	1915
8161	14166
8161	5650
8161	13437
8161	4877
8161	5812
8161	6659
8161	6541
8161	9827
8161	12384
8161	15057
8161	3373
8161	13888
8161	15219
8161	6208
8161	16443
8161	8936
8161	13275
8161	10926
8161	7270
8161	3986
8161	16399
8161	2149
8161	11655
9665	9665
9665	1591
9665	11042
9665	12997
9665	12708
9665	15714
9665	11493
9665	1915
9665	14166
9665	5650
9665	13437
9665	4877
9665	5812
9665	6659
9665	6541
9665	9827
9665	12384
9665	15057
9665	3373
9665	13888
9665	15219
9665	6208
9665	16443
9665	8936
9665	13275
9665	10926
9665	7270
9665	3986
9665	16399
9665	2149
9665	11655
1591	1591
1591	11042
1591	12997
1591	12708
1591	15714
1591	11493
1591	1915
1591	14166
1591	5650
1591	13437
1591	4877
1591	5812
1591	6659
1591	6541
1591	9827
1591	12384
1591	15057
1591	3373
1591	13888
1591	15219
1591	6208
1591	16443
1591	8936
1591	13275
1591	10926
1591	7270
1591	3986
1591	16399
1591	2149
1591	11655
11042	11042
11042	12997
11042	12708
11042	15714
11042	11493
11042	1915
11042	14166
11042	5650
11042	13437
11042	4877
11042	5812
11042	6659
11042	6541
11042	9827
11042	12384
11042	15057
11042	3373
11042	13888
11042	15219
11042	6208
11042	16443
11042	8936
11042	13275
11042	10926
11042	7270
11042	3986
11042	16399
11042	2149
11042	11655
12997	12997
12997	12708
12997	15714
12997	11493
12997	1915
12997	14166
12997	5650
12997	13437
12997	4877
12997	5812
12997	6659
12997	6541
12997	9827
12997	12384
12997	15057
12997	3373
12997	13888
12997	15219
12997	6208
12997	16443
12997	8936
12997	13275
12997	10926
12997	7270
12997	3986
12997	16399
12997	2149
12997	11655
12708	12708
12708	15714
12708	11493
12708	1915
12708	14166
12708	5650
12708	13437
12708	4877
12708	5812
12708	6659
12708	6541
12708	9827
12708	12384
12708	15057
12708	3373
12708	13888
12708	15219
12708	6208
12708	16443
12708	8936
12708	13275
12708	10926
12708	7270
12708	3986
12708	16399
12708	2149
12708	11655
15714	15714
15714	11493
15714	1915
15714	14166
15714	5650
15714	13437
15714	4877
15714	5812
15714	6659
15714	6541
15714	9827
15714	12384
15714	15057
15714	3373
15714	13888
15714	15219
15714	6208
15714	16443
15714	8936
15714	13275
15714	10926
15714	7270
15714	3986
15714	16399
15714	2149
15714	11655
11493	11493
11493	1915
11493	14166
11493	5650
11493	13437
11493	4877
11493	5812
11493	6659
11493	6541
11493	9827
11493	12384
11493	15057
11493	3373
11493	13888
11493	15219
11493	6208
11493	16443
11493	8936
11493	13275
11493	10926
11493	7270
11493	3986
11493	16399
11493	2149
11493	11655
1915	1915
1915	14166
1915	5650
1915	13437
1915	4877
1915	5812
1915	6659
1915	6541
1915	9827
1915	12384
1915	15057
1915	3373
1915	13888
1915	15219
1915	6208
1915	16443
1915	8936
1915	13275
1915	10926
1915	7270
1915	3986
1915	16399
1915	2149
1915	11655
14166	14166
14166	5650
14166	13437
14166	4877
14166	5812
14166	6659
14166	6541
14166	9827
14166	12384
14166	15057
14166	3373
14166	13888
14166	15219
14166	6208
14166	16443
14166	8936
14166	13275
14166	10926
14166	7270
14166	3986
14166	16399
14166	2149
14166	11655
5650	5650
5650	13437
5650	4877
5650	5812
5650	6659
5650	6541
5650	9827
5650	12384
5650	15057
5650	3373
5650	13888
5650	15219
5650	6208
5650	16443
5650	8936
5650	13275
5650	10926
5650	7270
5650	3986
5650	16399
5650	2149
5650	11655
13437	13437
13437	4877
13437	5812
13437	6659
13437	6541
13437	9827
13437	12384
13437	15057
13437	3373
13437	13888
13437	15219
13437	6208
13437	16443
13437	8936
13437	13275
13437	10926
13437	7270
13437	3986
13437	16399
13437	2149
13437	11655
4877	4877
4877	5812
4877	6659
4877	6541
4877	9827
4877	12384
4877	15057
4877	3373
4877	13888
4877	15219
4877	6208
4877	16443
4877	8936
4877	13275
4877	10926
4877	7270
4877	3986
4877	16399
4877	2149
4877	11655
5812	5812
5812	6659
5812	6541
5812	9827
5812	12384
5812	15057
5812	3373
5812	13888
5812	15219
5812	6208
5812	16443
5812	8936
5812	13275
5812	10926
5812	7270
5812	3986
5812	16399
5812	2149
5812	11655
6659	6659
6659	6541
6659	9827
6659	12384
6659	15057
6659	3373
6659	13888
6659	15219
6659	6208
6659	16443
6659	8936
6659	13275
6659	10926
6659	7270
6659	3986
6659	16399
6659	2149
6659	11655
6541	6541
6541	9827
6541	12384
6541	15057
6541	3373
6541	13888
6541	15219
6541	6208
6541	16443
6541	8936
6541	13275
6541	10926
6541	7270
6541	3986
6541	16399
6541	2149
6541	11655
9827	9827
9827	12384
9827	15057
9827	3373
9827	13888
9827	15219
9827	6208
9827	16443
9827	8936
9827	13275
9827	10926
9827	7270
9827	3986
9827	16399
9827	2149
9827	11655
12384	12384
12384	15057
12384	3373
12384	13888
12384	15219
12384	6208
12384	16443
12384	8936
12384	13275
12384	10926
12384	7270
12384	3986
12384	16399
12384	2149
12384	11655
15057	15057
15057	3373
15057	13888
15057	15219
15057	6208
15057	16443
15057	8936
15057	13275
15057	10926
15057	7270
15057	3986
15057	16399
15057	2149
15057	11655
3373	3373
3373	13888
3373	15219
3373	6208
3373	16443
3373	8936
3373	13275
3373	10926
3373	7270
3373	3986
3373	16399
3373	2149
3373	11655
13888	13888
13888	15219
13888	6208
13888	16443
13888	8936
13888	13275
13888	10926
13888	7270
13888	3986
13888	16399
13888	2149
13888	11655
15219	15219
15219	6208
15219	16443
15219	8936
15219	13275
15219	10926
15219	7270
15219	3986
15219	16399
15219	2149
15219	11655
6208	6208
6208	16443
6208	8936
6208	13275
6208	10926
6208	7270
6208	3986
6208	16399
6208	2149
6208	11655
16443	16443
16443	8936
16443	13275
16443	10926
16443	7270
16443	3986
16443	16399
16443	2149
16443	11655
8936	8936
8936	13275
8936	10926
8936	7270
8936	3986
8936	16399
8936	2149
8936	11655
13275	13275
13275	10926
13275	7270
13275	3986
13275	16399
13275	2149
13275	11655
10926	10926
10926	7270
10926	3986
10926	16399
10926	2149
10926	11655
7270	7270
7270	3986
7270	16399
7270	2149
7270	11655
3986	3986
3986	16399
3986	2149
3986	11655
16399	16399
16399	2149
16399	11655
2149	2149
2149	11655
11655	11655
14101	14101
14101	3921
14101	15605
14101	7279
14101	10655
14101	10042
14101	1149
14101	8214
14101	3426
14101	1482
14101	4768
14101	12770
14101	4650
14101	7161
14101	15281
14101	15894
14101	175
14101	5497
14101	13328
14101	6388
14101	832
14101	5208
14101	1806
14101	11384
14101	6432
14101	16334
14101	7323
14101	14552
14101	14057
14101	13779
14101	14390
14101	2986
14101	5703
14101	8052
14101	7774
14101	10817
14101	8827
14101	11708
14101	1031
14101	12275
14101	337
14101	12932
14101	9600
14101	9105
14101	15443
14101	12888
14101	1644
14101	5992
14101	670
14101	3877
14101	12437
14101	10204
14101	3264
14101	5659
14101	13823
14101	5046
14101	11997
14101	13210
14101	14219
14101	9394
14101	5541
14101	4317
14101	4155
14101	13661
14101	13166
14101	14714
14101	4812
14101	788
14101	15399
14101	9556
14101	16172
14101	9718
14101	7936
14101	8665
14101	6883
14101	11546
14101	2535
14101	10493
14101	6270
14101	2373
3921	3921
3921	15605
3921	7279
3921	10655
3921	10042
3921	1149
3921	8214
3921	3426
3921	1482
3921	4768
3921	12770
3921	4650
3921	7161
3921	15281
3921	15894
3921	175
3921	5497
3921	13328
3921	6388
3921	832
3921	5208
3921	1806
3921	11384
3921	6432
3921	16334
3921	7323
3921	14552
3921	14057
3921	13779
3921	14390
3921	2986
3921	5703
3921	8052
3921	7774
3921	10817
3921	8827
3921	11708
3921	1031
3921	12275
3921	337
3921	12932
3921	9600
3921	9105
3921	15443
3921	12888
3921	1644
3921	5992
3921	670
3921	3877
3921	12437
3921	10204
3921	3264
3921	5659
3921	13823
3921	5046
3921	11997
3921	13210
3921	14219
3921	9394
3921	5541
3921	4317
3921	4155
3921	13661
3921	13166
3921	14714
3921	4812
3921	788
3921	15399
3921	9556
3921	16172
3921	9718
3921	7936
3921	8665
3921	6883
3921	11546
3921	2535
3921	10493
3921	6270
3921	2373
15605	15605
15605	7279
15605	10655
15605	10042
15605	1149
15605	8214
15605	3426
15605	1482
15605	4768
15605	12770
15605	4650
15605	7161
15605	15281
15605	15894
15605	175
15605	5497
15605	13328
15605	6388
15605	832
15605	5208
15605	1806
15605	11384
15605	6432
15605	16334
15605	7323
15605	14552
15605	14057
15605	13779
15605	14390
15605	2986
15605	5703
15605	8052
15605	7774
15605	10817
15605	8827
15605	11708
15605	1031
15605	12275
15605	337
15605	12932
15605	9600
15605	9105
15605	15443
15605	12888
15605	1644
15605	5992
15605	670
15605	3877
15605	12437
15605	10204
15605	3264
15605	5659
15605	13823
15605	5046
15605	11997
15605	13210
15605	14219
15605	9394
15605	5541
15605	4317
15605	4155
15605	13661
15605	13166
15605	14714
15605	4812
15605	788
15605	15399
15605	9556
15605	16172
15605	9718
15605	7936
15605	8665
15605	6883
15605	11546
15605	2535
15605	10493
15605	6270
15605	2373
7279	7279
7279	10655
7279	10042
7279	1149
7279	8214
7279	3426
7279	1482
7279	4768
7279	12770
7279	4650
7279	7161
7279	15281
7279	15894
7279	175
7279	5497
7279	13328
7279	6388
7279	832
7279	5208
7279	1806
7279	11384
7279	6432
7279	16334
7279	7323
7279	14552
7279	14057
7279	13779
7279	14390
7279	2986
7279	5703
7279	8052
7279	7774
7279	10817
7279	8827
7279	11708
7279	1031
7279	12275
7279	337
7279	12932
7279	9600
7279	9105
7279	15443
7279	12888
7279	1644
7279	5992
7279	670
7279	3877
7279	12437
7279	10204
7279	3264
7279	5659
7279	13823
7279	5046
7279	11997
7279	13210
7279	14219
7279	9394
7279	5541
7279	4317
7279	4155
7279	13661
7279	13166
7279	14714
7279	4812
7279	788
7279	15399
7279	9556
7279	16172
7279	9718
7279	7936
7279	8665
7279	6883
7279	11546
7279	2535
7279	10493
7279	6270
7279	2373
10655	10655
10655	10042
10655	1149
10655	8214
10655	3426
10655	1482
10655	4768
10655	12770
10655	4650
10655	7161
10655	15281
10655	15894
10655	175
10655	5497
10655	13328
10655	6388
10655	832
10655	5208
10655	1806
10655	11384
10655	6432
10655	16334
10655	7323
10655	14552
10655	14057
10655	13779
10655	14390
10655	2986
10655	5703
10655	8052
10655	7774
10655	10817
10655	8827
10655	11708
10655	1031
10655	12275
10655	337
10655	12932
10655	9600
10655	9105
10655	15443
10655	12888
10655	1644
10655	5992
10655	670
10655	3877
10655	12437
10655	10204
10655	3264
10655	5659
10655	13823
10655	5046
10655	11997
10655	13210
10655	14219
10655	9394
10655	5541
10655	4317
10655	4155
10655	13661
10655	13166
10655	14714
10655	4812
10655	788
10655	15399
10655	9556
10655	16172
10655	9718
10655	7936
10655	8665
10655	6883
10655	11546
10655	2535
10655	10493
10655	6270
10655	2373
10042	10042
10042	1149
10042	8214
10042	3426
10042	1482
10042	4768
10042	12770
10042	4650
10042	7161
10042	15281
10042	15894
10042	175
10042	5497
10042	13328
10042	6388
10042	832
10042	5208
10042	1806
10042	11384
10042	6432
10042	16334
10042	7323
10042	14552
10042	14057
10042	13779
10042	14390
10042	2986
10042	5703
10042	8052
10042	7774
10042	10817
10042	8827
10042	11708
10042	1031
10042	12275
10042	337
10042	12932
10042	9600
10042	9105
10042	15443
10042	12888
10042	1644
10042	5992
10042	670
10042	3877
10042	12437
10042	10204
10042	3264
10042	5659
10042	13823
10042	5046
10042	11997
10042	13210
10042	14219
10042	9394
10042	5541
10042	4317
10042	4155
10042	13661
10042	13166
10042	14714
10042	4812
10042	788
10042	15399
10042	9556
10042	16172
10042	9718
10042	7936
10042	8665
10042	6883
10042	11546
10042	2535
10042	10493
10042	6270
10042	2373
1149	1149
1149	8214
1149	3426
1149	1482
1149	4768
1149	12770
1149	4650
1149	7161
1149	15281
1149	15894
1149	175
1149	5497
1149	13328
1149	6388
1149	832
1149	5208
1149	1806
1149	11384
1149	6432
1149	16334
1149	7323
1149	14552
1149	14057
1149	13779
1149	14390
1149	2986
1149	5703
1149	8052
1149	7774
1149	10817
1149	8827
1149	11708
1149	1031
1149	12275
1149	337
1149	12932
1149	9600
1149	9105
1149	15443
1149	12888
1149	1644
1149	5992
1149	670
1149	3877
1149	12437
1149	10204
1149	3264
1149	5659
1149	13823
1149	5046
1149	11997
1149	13210
1149	14219
1149	9394
1149	5541
1149	4317
1149	4155
1149	13661
1149	13166
1149	14714
1149	4812
1149	788
1149	15399
1149	9556
1149	16172
1149	9718
1149	7936
1149	8665
1149	6883
1149	11546
1149	2535
1149	10493
1149	6270
1149	2373
8214	8214
8214	3426
8214	1482
8214	4768
8214	12770
8214	4650
8214	7161
8214	15281
8214	15894
8214	175
8214	5497
8214	13328
8214	6388
8214	832
8214	5208
8214	1806
8214	11384
8214	6432
8214	16334
8214	7323
8214	14552
8214	14057
8214	13779
8214	14390
8214	2986
8214	5703
8214	8052
8214	7774
8214	10817
8214	8827
8214	11708
8214	1031
8214	12275
8214	337
8214	12932
8214	9600
8214	9105
8214	15443
8214	12888
8214	1644
8214	5992
8214	670
8214	3877
8214	12437
8214	10204
8214	3264
8214	5659
8214	13823
8214	5046
8214	11997
8214	13210
8214	14219
8214	9394
8214	5541
8214	4317
8214	4155
8214	13661
8214	13166
8214	14714
8214	4812
8214	788
8214	15399
8214	9556
8214	16172
8214	9718
8214	7936
8214	8665
8214	6883
8214	11546
8214	2535
8214	10493
8214	6270
8214	2373
3426	3426
3426	1482
3426	4768
3426	12770
3426	4650
3426	7161
3426	15281
3426	15894
3426	175
3426	5497
3426	13328
3426	6388
3426	832
3426	5208
3426	1806
3426	11384
3426	6432
3426	16334
3426	7323
3426	14552
3426	14057
3426	13779
3426	14390
3426	2986
3426	5703
3426	8052
3426	7774
3426	10817
3426	8827
3426	11708
3426	1031
3426	12275
3426	337
3426	12932
3426	9600
3426	9105
3426	15443
3426	12888
3426	1644
3426	5992
3426	670
3426	3877
3426	12437
3426	10204
3426	3264
3426	5659
3426	13823
3426	5046
3426	11997
3426	13210
3426	14219
3426	9394
3426	5541
3426	4317
3426	4155
3426	13661
3426	13166
3426	14714
3426	4812
3426	788
3426	15399
3426	9556
3426	16172
3426	9718
3426	7936
3426	8665
3426	6883
3426	11546
3426	2535
3426	10493
3426	6270
3426	2373
1482	1482
1482	4768
1482	12770
1482	4650
1482	7161
1482	15281
1482	15894
1482	175
1482	5497
1482	13328
1482	6388
1482	832
1482	5208
1482	1806
1482	11384
1482	6432
1482	16334
1482	7323
1482	14552
1482	14057
1482	13779
1482	14390
1482	2986
1482	5703
1482	8052
1482	7774
1482	10817
1482	8827
1482	11708
1482	1031
1482	12275
1482	337
1482	12932
1482	9600
1482	9105
1482	15443
1482	12888
1482	1644
1482	5992
1482	670
1482	3877
1482	12437
1482	10204
1482	3264
1482	5659
1482	13823
1482	5046
1482	11997
1482	13210
1482	14219
1482	9394
1482	5541
1482	4317
1482	4155
1482	13661
1482	13166
1482	14714
1482	4812
1482	788
1482	15399
1482	9556
1482	16172
1482	9718
1482	7936
1482	8665
1482	6883
1482	11546
1482	2535
1482	10493
1482	6270
1482	2373
4768	4768
4768	12770
4768	4650
4768	7161
4768	15281
4768	15894
4768	175
4768	5497
4768	13328
4768	6388
4768	832
4768	5208
4768	1806
4768	11384
4768	6432
4768	16334
4768	7323
4768	14552
4768	14057
4768	13779
4768	14390
4768	2986
4768	5703
4768	8052
4768	7774
4768	10817
4768	8827
4768	11708
4768	1031
4768	12275
4768	337
4768	12932
4768	9600
4768	9105
4768	15443
4768	12888
4768	1644
4768	5992
4768	670
4768	3877
4768	12437
4768	10204
4768	3264
4768	5659
4768	13823
4768	5046
4768	11997
4768	13210
4768	14219
4768	9394
4768	5541
4768	4317
4768	4155
4768	13661
4768	13166
4768	14714
4768	4812
4768	788
4768	15399
4768	9556
4768	16172
4768	9718
4768	7936
4768	8665
4768	6883
4768	11546
4768	2535
4768	10493
4768	6270
4768	2373
12770	12770
12770	4650
12770	7161
12770	15281
12770	15894
12770	175
12770	5497
12770	13328
12770	6388
12770	832
12770	5208
12770	1806
12770	11384
12770	6432
12770	16334
12770	7323
12770	14552
12770	14057
12770	13779
12770	14390
12770	2986
12770	5703
12770	8052
12770	7774
12770	10817
12770	8827
12770	11708
12770	1031
12770	12275
12770	337
12770	12932
12770	9600
12770	9105
12770	15443
12770	12888
12770	1644
12770	5992
12770	670
12770	3877
12770	12437
12770	10204
12770	3264
12770	5659
12770	13823
12770	5046
12770	11997
12770	13210
12770	14219
12770	9394
12770	5541
12770	4317
12770	4155
12770	13661
12770	13166
12770	14714
12770	4812
12770	788
12770	15399
12770	9556
12770	16172
12770	9718
12770	7936
12770	8665
12770	6883
12770	11546
12770	2535
12770	10493
12770	6270
12770	2373
4650	4650
4650	7161
4650	15281
4650	15894
4650	175
4650	5497
4650	13328
4650	6388
4650	832
4650	5208
4650	1806
4650	11384
4650	6432
4650	16334
4650	7323
4650	14552
4650	14057
4650	13779
4650	14390
4650	2986
4650	5703
4650	8052
4650	7774
4650	10817
4650	8827
4650	11708
4650	1031
4650	12275
4650	337
4650	12932
4650	9600
4650	9105
4650	15443
4650	12888
4650	1644
4650	5992
4650	670
4650	3877
4650	12437
4650	10204
4650	3264
4650	5659
4650	13823
4650	5046
4650	11997
4650	13210
4650	14219
4650	9394
4650	5541
4650	4317
4650	4155
4650	13661
4650	13166
4650	14714
4650	4812
4650	788
4650	15399
4650	9556
4650	16172
4650	9718
4650	7936
4650	8665
4650	6883
4650	11546
4650	2535
4650	10493
4650	6270
4650	2373
7161	7161
7161	15281
7161	15894
7161	175
7161	5497
7161	13328
7161	6388
7161	832
7161	5208
7161	1806
7161	11384
7161	6432
7161	16334
7161	7323
7161	14552
7161	14057
7161	13779
7161	14390
7161	2986
7161	5703
7161	8052
7161	7774
7161	10817
7161	8827
7161	11708
7161	1031
7161	12275
7161	337
7161	12932
7161	9600
7161	9105
7161	15443
7161	12888
7161	1644
7161	5992
7161	670
7161	3877
7161	12437
7161	10204
7161	3264
7161	5659
7161	13823
7161	5046
7161	11997
7161	13210
7161	14219
7161	9394
7161	5541
7161	4317
7161	4155
7161	13661
7161	13166
7161	14714
7161	4812
7161	788
7161	15399
7161	9556
7161	16172
7161	9718
7161	7936
7161	8665
7161	6883
7161	11546
7161	2535
7161	10493
7161	6270
7161	2373
15281	15281
15281	15894
15281	175
15281	5497
15281	13328
15281	6388
15281	832
15281	5208
15281	1806
15281	11384
15281	6432
15281	16334
15281	7323
15281	14552
15281	14057
15281	13779
15281	14390
15281	2986
15281	5703
15281	8052
15281	7774
15281	10817
15281	8827
15281	11708
15281	1031
15281	12275
15281	337
15281	12932
15281	9600
15281	9105
15281	15443
15281	12888
15281	1644
15281	5992
15281	670
15281	3877
15281	12437
15281	10204
15281	3264
15281	5659
15281	13823
15281	5046
15281	11997
15281	13210
15281	14219
15281	9394
15281	5541
15281	4317
15281	4155
15281	13661
15281	13166
15281	14714
15281	4812
15281	788
15281	15399
15281	9556
15281	16172
15281	9718
15281	7936
15281	8665
15281	6883
15281	11546
15281	2535
15281	10493
15281	6270
15281	2373
15894	15894
15894	175
15894	5497
15894	13328
15894	6388
15894	832
15894	5208
15894	1806
15894	11384
15894	6432
15894	16334
15894	7323
15894	14552
15894	14057
15894	13779
15894	14390
15894	2986
15894	5703
15894	8052
15894	7774
15894	10817
15894	8827
15894	11708
15894	1031
15894	12275
15894	337
15894	12932
15894	9600
15894	9105
15894	15443
15894	12888
15894	1644
15894	5992
15894	670
15894	3877
15894	12437
15894	10204
15894	3264
15894	5659
15894	13823
15894	5046
15894	11997
15894	13210
15894	14219
15894	9394
15894	5541
15894	4317
15894	4155
15894	13661
15894	13166
15894	14714
15894	4812
15894	788
15894	15399
15894	9556
15894	16172
15894	9718
15894	7936
15894	8665
15894	6883
15894	11546
15894	2535
15894	10493
15894	6270
15894	2373
175	175
175	5497
175	13328
175	6388
175	832
175	5208
175	1806
175	11384
175	6432
175	16334
175	7323
175	14552
175	14057
175	13779
175	14390
175	2986
175	5703
175	8052
175	7774
175	10817
175	8827
175	11708
175	1031
175	12275
175	337
175	12932
175	9600
175	9105
175	15443
175	12888
175	1644
175	5992
175	670
175	3877
175	12437
175	10204
175	3264
175	5659
175	13823
175	5046
175	11997
175	13210
175	14219
175	9394
175	5541
175	4317
175	4155
175	13661
175	13166
175	14714
175	4812
175	788
175	15399
175	9556
175	16172
175	9718
175	7936
175	8665
175	6883
175	11546
175	2535
175	10493
175	6270
175	2373
5497	5497
5497	13328
5497	6388
5497	832
5497	5208
5497	1806
5497	11384
5497	6432
5497	16334
5497	7323
5497	14552
5497	14057
5497	13779
5497	14390
5497	2986
5497	5703
5497	8052
5497	7774
5497	10817
5497	8827
5497	11708
5497	1031
5497	12275
5497	337
5497	12932
5497	9600
5497	9105
5497	15443
5497	12888
5497	1644
5497	5992
5497	670
5497	3877
5497	12437
5497	10204
5497	3264
5497	5659
5497	13823
5497	5046
5497	11997
5497	13210
5497	14219
5497	9394
5497	5541
5497	4317
5497	4155
5497	13661
5497	13166
5497	14714
5497	4812
5497	788
5497	15399
5497	9556
5497	16172
5497	9718
5497	7936
5497	8665
5497	6883
5497	11546
5497	2535
5497	10493
5497	6270
5497	2373
13328	13328
13328	6388
13328	832
13328	5208
13328	1806
13328	11384
13328	6432
13328	16334
13328	7323
13328	14552
13328	14057
13328	13779
13328	14390
13328	2986
13328	5703
13328	8052
13328	7774
13328	10817
13328	8827
13328	11708
13328	1031
13328	12275
13328	337
13328	12932
13328	9600
13328	9105
13328	15443
13328	12888
13328	1644
13328	5992
13328	670
13328	3877
13328	12437
13328	10204
13328	3264
13328	5659
13328	13823
13328	5046
13328	11997
13328	13210
13328	14219
13328	9394
13328	5541
13328	4317
13328	4155
13328	13661
13328	13166
13328	14714
13328	4812
13328	788
13328	15399
13328	9556
13328	16172
13328	9718
13328	7936
13328	8665
13328	6883
13328	11546
13328	2535
13328	10493
13328	6270
13328	2373
6388	6388
6388	832
6388	5208
6388	1806
6388	11384
6388	6432
6388	16334
6388	7323
6388	14552
6388	14057
6388	13779
6388	14390
6388	2986
6388	5703
6388	8052
6388	7774
6388	10817
6388	8827
6388	11708
6388	1031
6388	12275
6388	337
6388	12932
6388	9600
6388	9105
6388	15443
6388	12888
6388	1644
6388	5992
6388	670
6388	3877
6388	12437
6388	10204
6388	3264
6388	5659
6388	13823
6388	5046
6388	11997
6388	13210
6388	14219
6388	9394
6388	5541
6388	4317
6388	4155
6388	13661
6388	13166
6388	14714
6388	4812
6388	788
6388	15399
6388	9556
6388	16172
6388	9718
6388	7936
6388	8665
6388	6883
6388	11546
6388	2535
6388	10493
6388	6270
6388	2373
832	832
832	5208
832	1806
832	11384
832	6432
832	16334
832	7323
832	14552
832	14057
832	13779
832	14390
832	2986
832	5703
832	8052
832	7774
832	10817
832	8827
832	11708
832	1031
832	12275
832	337
832	12932
832	9600
832	9105
832	15443
832	12888
832	1644
832	5992
832	670
832	3877
832	12437
832	10204
832	3264
832	5659
832	13823
832	5046
832	11997
832	13210
832	14219
832	9394
832	5541
832	4317
832	4155
832	13661
832	13166
832	14714
832	4812
832	788
832	15399
832	9556
832	16172
832	9718
832	7936
832	8665
832	6883
832	11546
832	2535
832	10493
832	6270
832	2373
5208	5208
5208	1806
5208	11384
5208	6432
5208	16334
5208	7323
5208	14552
5208	14057
5208	13779
5208	14390
5208	2986
5208	5703
5208	8052
5208	7774
5208	10817
5208	8827
5208	11708
5208	1031
5208	12275
5208	337
5208	12932
5208	9600
5208	9105
5208	15443
5208	12888
5208	1644
5208	5992
5208	670
5208	3877
5208	12437
5208	10204
5208	3264
5208	5659
5208	13823
5208	5046
5208	11997
5208	13210
5208	14219
5208	9394
5208	5541
5208	4317
5208	4155
5208	13661
5208	13166
5208	14714
5208	4812
5208	788
5208	15399
5208	9556
5208	16172
5208	9718
5208	7936
5208	8665
5208	6883
5208	11546
5208	2535
5208	10493
5208	6270
5208	2373
1806	1806
1806	11384
1806	6432
1806	16334
1806	7323
1806	14552
1806	14057
1806	13779
1806	14390
1806	2986
1806	5703
1806	8052
1806	7774
1806	10817
1806	8827
1806	11708
1806	1031
1806	12275
1806	337
1806	12932
1806	9600
1806	9105
1806	15443
1806	12888
1806	1644
1806	5992
1806	670
1806	3877
1806	12437
1806	10204
1806	3264
1806	5659
1806	13823
1806	5046
1806	11997
1806	13210
1806	14219
1806	9394
1806	5541
1806	4317
1806	4155
1806	13661
1806	13166
1806	14714
1806	4812
1806	788
1806	15399
1806	9556
1806	16172
1806	9718
1806	7936
1806	8665
1806	6883
1806	11546
1806	2535
1806	10493
1806	6270
1806	2373
11384	11384
11384	6432
11384	16334
11384	7323
11384	14552
11384	14057
11384	13779
11384	14390
11384	2986
11384	5703
11384	8052
11384	7774
11384	10817
11384	8827
11384	11708
11384	1031
11384	12275
11384	337
11384	12932
11384	9600
11384	9105
11384	15443
11384	12888
11384	1644
11384	5992
11384	670
11384	3877
11384	12437
11384	10204
11384	3264
11384	5659
11384	13823
11384	5046
11384	11997
11384	13210
11384	14219
11384	9394
11384	5541
11384	4317
11384	4155
11384	13661
11384	13166
11384	14714
11384	4812
11384	788
11384	15399
11384	9556
11384	16172
11384	9718
11384	7936
11384	8665
11384	6883
11384	11546
11384	2535
11384	10493
11384	6270
11384	2373
6432	6432
6432	16334
6432	7323
6432	14552
6432	14057
6432	13779
6432	14390
6432	2986
6432	5703
6432	8052
6432	7774
6432	10817
6432	8827
6432	11708
6432	1031
6432	12275
6432	337
6432	12932
6432	9600
6432	9105
6432	15443
6432	12888
6432	1644
6432	5992
6432	670
6432	3877
6432	12437
6432	10204
6432	3264
6432	5659
6432	13823
6432	5046
6432	11997
6432	13210
6432	14219
6432	9394
6432	5541
6432	4317
6432	4155
6432	13661
6432	13166
6432	14714
6432	4812
6432	788
6432	15399
6432	9556
6432	16172
6432	9718
6432	7936
6432	8665
6432	6883
6432	11546
6432	2535
6432	10493
6432	6270
6432	2373
16334	16334
16334	7323
16334	14552
16334	14057
16334	13779
16334	14390
16334	2986
16334	5703
16334	8052
16334	7774
16334	10817
16334	8827
16334	11708
16334	1031
16334	12275
16334	337
16334	12932
16334	9600
16334	9105
16334	15443
16334	12888
16334	1644
16334	5992
16334	670
16334	3877
16334	12437
16334	10204
16334	3264
16334	5659
16334	13823
16334	5046
16334	11997
16334	13210
16334	14219
16334	9394
16334	5541
16334	4317
16334	4155
16334	13661
16334	13166
16334	14714
16334	4812
16334	788
16334	15399
16334	9556
16334	16172
16334	9718
16334	7936
16334	8665
16334	6883
16334	11546
16334	2535
16334	10493
16334	6270
16334	2373
7323	7323
7323	14552
7323	14057
7323	13779
7323	14390
7323	2986
7323	5703
7323	8052
7323	7774
7323	10817
7323	8827
7323	11708
7323	1031
7323	12275
7323	337
7323	12932
7323	9600
7323	9105
7323	15443
7323	12888
7323	1644
7323	5992
7323	670
7323	3877
7323	12437
7323	10204
7323	3264
7323	5659
7323	13823
7323	5046
7323	11997
7323	13210
7323	14219
7323	9394
7323	5541
7323	4317
7323	4155
7323	13661
7323	13166
7323	14714
7323	4812
7323	788
7323	15399
7323	9556
7323	16172
7323	9718
7323	7936
7323	8665
7323	6883
7323	11546
7323	2535
7323	10493
7323	6270
7323	2373
14552	14552
14552	14057
14552	13779
14552	14390
14552	2986
14552	5703
14552	8052
14552	7774
14552	10817
14552	8827
14552	11708
14552	1031
14552	12275
14552	337
14552	12932
14552	9600
14552	9105
14552	15443
14552	12888
14552	1644
14552	5992
14552	670
14552	3877
14552	12437
14552	10204
14552	3264
14552	5659
14552	13823
14552	5046
14552	11997
14552	13210
14552	14219
14552	9394
14552	5541
14552	4317
14552	4155
14552	13661
14552	13166
14552	14714
14552	4812
14552	788
14552	15399
14552	9556
14552	16172
14552	9718
14552	7936
14552	8665
14552	6883
14552	11546
14552	2535
14552	10493
14552	6270
14552	2373
14057	14057
14057	13779
14057	14390
14057	2986
14057	5703
14057	8052
14057	7774
14057	10817
14057	8827
14057	11708
14057	1031
14057	12275
14057	337
14057	12932
14057	9600
14057	9105
14057	15443
14057	12888
14057	1644
14057	5992
14057	670
14057	3877
14057	12437
14057	10204
14057	3264
14057	5659
14057	13823
14057	5046
14057	11997
14057	13210
14057	14219
14057	9394
14057	5541
14057	4317
14057	4155
14057	13661
14057	13166
14057	14714
14057	4812
14057	788
14057	15399
14057	9556
14057	16172
14057	9718
14057	7936
14057	8665
14057	6883
14057	11546
14057	2535
14057	10493
14057	6270
14057	2373
13779	13779
13779	14390
13779	2986
13779	5703
13779	8052
13779	7774
13779	10817
13779	8827
13779	11708
13779	1031
13779	12275
13779	337
13779	12932
13779	9600
13779	9105
13779	15443
13779	12888
13779	1644
13779	5992
13779	670
13779	3877
13779	12437
13779	10204
13779	3264
13779	5659
13779	13823
13779	5046
13779	11997
13779	13210
13779	14219
13779	9394
13779	5541
13779	4317
13779	4155
13779	13661
13779	13166
13779	14714
13779	4812
13779	788
13779	15399
13779	9556
13779	16172
13779	9718
13779	7936
13779	8665
13779	6883
13779	11546
13779	2535
13779	10493
13779	6270
13779	2373
14390	14390
14390	2986
14390	5703
14390	8052
14390	7774
14390	10817
14390	8827
14390	11708
14390	1031
14390	12275
14390	337
14390	12932
14390	9600
14390	9105
14390	15443
14390	12888
14390	1644
14390	5992
14390	670
14390	3877
14390	12437
14390	10204
14390	3264
14390	5659
14390	13823
14390	5046
14390	11997
14390	13210
14390	14219
14390	9394
14390	5541
14390	4317
14390	4155
14390	13661
14390	13166
14390	14714
14390	4812
14390	788
14390	15399
14390	9556
14390	16172
14390	9718
14390	7936
14390	8665
14390	6883
14390	11546
14390	2535
14390	10493
14390	6270
14390	2373
2986	2986
2986	5703
2986	8052
2986	7774
2986	10817
2986	8827
2986	11708
2986	1031
2986	12275
2986	337
2986	12932
2986	9600
2986	9105
2986	15443
2986	12888
2986	1644
2986	5992
2986	670
2986	3877
2986	12437
2986	10204
2986	3264
2986	5659
2986	13823
2986	5046
2986	11997
2986	13210
2986	14219
2986	9394
2986	5541
2986	4317
2986	4155
2986	13661
2986	13166
2986	14714
2986	4812
2986	788
2986	15399
2986	9556
2986	16172
2986	9718
2986	7936
2986	8665
2986	6883
2986	11546
2986	2535
2986	10493
2986	6270
2986	2373
5703	5703
5703	8052
5703	7774
5703	10817
5703	8827
5703	11708
5703	1031
5703	12275
5703	337
5703	12932
5703	9600
5703	9105
5703	15443
5703	12888
5703	1644
5703	5992
5703	670
5703	3877
5703	12437
5703	10204
5703	3264
5703	5659
5703	13823
5703	5046
5703	11997
5703	13210
5703	14219
5703	9394
5703	5541
5703	4317
5703	4155
5703	13661
5703	13166
5703	14714
5703	4812
5703	788
5703	15399
5703	9556
5703	16172
5703	9718
5703	7936
5703	8665
5703	6883
5703	11546
5703	2535
5703	10493
5703	6270
5703	2373
8052	8052
8052	7774
8052	10817
8052	8827
8052	11708
8052	1031
8052	12275
8052	337
8052	12932
8052	9600
8052	9105
8052	15443
8052	12888
8052	1644
8052	5992
8052	670
8052	3877
8052	12437
8052	10204
8052	3264
8052	5659
8052	13823
8052	5046
8052	11997
8052	13210
8052	14219
8052	9394
8052	5541
8052	4317
8052	4155
8052	13661
8052	13166
8052	14714
8052	4812
8052	788
8052	15399
8052	9556
8052	16172
8052	9718
8052	7936
8052	8665
8052	6883
8052	11546
8052	2535
8052	10493
8052	6270
8052	2373
7774	7774
7774	10817
7774	8827
7774	11708
7774	1031
7774	12275
7774	337
7774	12932
7774	9600
7774	9105
7774	15443
7774	12888
7774	1644
7774	5992
7774	670
7774	3877
7774	12437
7774	10204
7774	3264
7774	5659
7774	13823
7774	5046
7774	11997
7774	13210
7774	14219
7774	9394
7774	5541
7774	4317
7774	4155
7774	13661
7774	13166
7774	14714
7774	4812
7774	788
7774	15399
7774	9556
7774	16172
7774	9718
7774	7936
7774	8665
7774	6883
7774	11546
7774	2535
7774	10493
7774	6270
7774	2373
10817	10817
10817	8827
10817	11708
10817	1031
10817	12275
10817	337
10817	12932
10817	9600
10817	9105
10817	15443
10817	12888
10817	1644
10817	5992
10817	670
10817	3877
10817	12437
10817	10204
10817	3264
10817	5659
10817	13823
10817	5046
10817	11997
10817	13210
10817	14219
10817	9394
10817	5541
10817	4317
10817	4155
10817	13661
10817	13166
10817	14714
10817	4812
10817	788
10817	15399
10817	9556
10817	16172
10817	9718
10817	7936
10817	8665
10817	6883
10817	11546
10817	2535
10817	10493
10817	6270
10817	2373
8827	8827
8827	11708
8827	1031
8827	12275
8827	337
8827	12932
8827	9600
8827	9105
8827	15443
8827	12888
8827	1644
8827	5992
8827	670
8827	3877
8827	12437
8827	10204
8827	3264
8827	5659
8827	13823
8827	5046
8827	11997
8827	13210
8827	14219
8827	9394
8827	5541
8827	4317
8827	4155
8827	13661
8827	13166
8827	14714
8827	4812
8827	788
8827	15399
8827	9556
8827	16172
8827	9718
8827	7936
8827	8665
8827	6883
8827	11546
8827	2535
8827	10493
8827	6270
8827	2373
11708	11708
11708	1031
11708	12275
11708	337
11708	12932
11708	9600
11708	9105
11708	15443
11708	12888
11708	1644
11708	5992
11708	670
11708	3877
11708	12437
11708	10204
11708	3264
11708	5659
11708	13823
11708	5046
11708	11997
11708	13210
11708	14219
11708	9394
11708	5541
11708	4317
11708	4155
11708	13661
11708	13166
11708	14714
11708	4812
11708	788
11708	15399
11708	9556
11708	16172
11708	9718
11708	7936
11708	8665
11708	6883
11708	11546
11708	2535
11708	10493
11708	6270
11708	2373
1031	1031
1031	12275
1031	337
1031	12932
1031	9600
1031	9105
1031	15443
1031	12888
1031	1644
1031	5992
1031	670
1031	3877
1031	12437
1031	10204
1031	3264
1031	5659
1031	13823
1031	5046
1031	11997
1031	13210
1031	14219
1031	9394
1031	5541
1031	4317
1031	4155
1031	13661
1031	13166
1031	14714
1031	4812
1031	788
1031	15399
1031	9556
1031	16172
1031	9718
1031	7936
1031	8665
1031	6883
1031	11546
1031	2535
1031	10493
1031	6270
1031	2373
12275	12275
12275	337
12275	12932
12275	9600
12275	9105
12275	15443
12275	12888
12275	1644
12275	5992
12275	670
12275	3877
12275	12437
12275	10204
12275	3264
12275	5659
12275	13823
12275	5046
12275	11997
12275	13210
12275	14219
12275	9394
12275	5541
12275	4317
12275	4155
12275	13661
12275	13166
12275	14714
12275	4812
12275	788
12275	15399
12275	9556
12275	16172
12275	9718
12275	7936
12275	8665
12275	6883
12275	11546
12275	2535
12275	10493
12275	6270
12275	2373
337	337
337	12932
337	9600
337	9105
337	15443
337	12888
337	1644
337	5992
337	670
337	3877
337	12437
337	10204
337	3264
337	5659
337	13823
337	5046
337	11997
337	13210
337	14219
337	9394
337	5541
337	4317
337	4155
337	13661
337	13166
337	14714
337	4812
337	788
337	15399
337	9556
337	16172
337	9718
337	7936
337	8665
337	6883
337	11546
337	2535
337	10493
337	6270
337	2373
12932	12932
12932	9600
12932	9105
12932	15443
12932	12888
12932	1644
12932	5992
12932	670
12932	3877
12932	12437
12932	10204
12932	3264
12932	5659
12932	13823
12932	5046
12932	11997
12932	13210
12932	14219
12932	9394
12932	5541
12932	4317
12932	4155
12932	13661
12932	13166
12932	14714
12932	4812
12932	788
12932	15399
12932	9556
12932	16172
12932	9718
12932	7936
12932	8665
12932	6883
12932	11546
12932	2535
12932	10493
12932	6270
12932	2373
9600	9600
9600	9105
9600	15443
9600	12888
9600	1644
9600	5992
9600	670
9600	3877
9600	12437
9600	10204
9600	3264
9600	5659
9600	13823
9600	5046
9600	11997
9600	13210
9600	14219
9600	9394
9600	5541
9600	4317
9600	4155
9600	13661
9600	13166
9600	14714
9600	4812
9600	788
9600	15399
9600	9556
9600	16172
9600	9718
9600	7936
9600	8665
9600	6883
9600	11546
9600	2535
9600	10493
9600	6270
9600	2373
9105	9105
9105	15443
9105	12888
9105	1644
9105	5992
9105	670
9105	3877
9105	12437
9105	10204
9105	3264
9105	5659
9105	13823
9105	5046
9105	11997
9105	13210
9105	14219
9105	9394
9105	5541
9105	4317
9105	4155
9105	13661
9105	13166
9105	14714
9105	4812
9105	788
9105	15399
9105	9556
9105	16172
9105	9718
9105	7936
9105	8665
9105	6883
9105	11546
9105	2535
9105	10493
9105	6270
9105	2373
15443	15443
15443	12888
15443	1644
15443	5992
15443	670
15443	3877
15443	12437
15443	10204
15443	3264
15443	5659
15443	13823
15443	5046
15443	11997
15443	13210
15443	14219
15443	9394
15443	5541
15443	4317
15443	4155
15443	13661
15443	13166
15443	14714
15443	4812
15443	788
15443	15399
15443	9556
15443	16172
15443	9718
15443	7936
15443	8665
15443	6883
15443	11546
15443	2535
15443	10493
15443	6270
15443	2373
12888	12888
12888	1644
12888	5992
12888	670
12888	3877
12888	12437
12888	10204
12888	3264
12888	5659
12888	13823
12888	5046
12888	11997
12888	13210
12888	14219
12888	9394
12888	5541
12888	4317
12888	4155
12888	13661
12888	13166
12888	14714
12888	4812
12888	788
12888	15399
12888	9556
12888	16172
12888	9718
12888	7936
12888	8665
12888	6883
12888	11546
12888	2535
12888	10493
12888	6270
12888	2373
1644	1644
1644	5992
1644	670
1644	3877
1644	12437
1644	10204
1644	3264
1644	5659
1644	13823
1644	5046
1644	11997
1644	13210
1644	14219
1644	9394
1644	5541
1644	4317
1644	4155
1644	13661
1644	13166
1644	14714
1644	4812
1644	788
1644	15399
1644	9556
1644	16172
1644	9718
1644	7936
1644	8665
1644	6883
1644	11546
1644	2535
1644	10493
1644	6270
1644	2373
5992	5992
5992	670
5992	3877
5992	12437
5992	10204
5992	3264
5992	5659
5992	13823
5992	5046
5992	11997
5992	13210
5992	14219
5992	9394
5992	5541
5992	4317
5992	4155
5992	13661
5992	13166
5992	14714
5992	4812
5992	788
5992	15399
5992	9556
5992	16172
5992	9718
5992	7936
5992	8665
5992	6883
5992	11546
5992	2535
5992	10493
5992	6270
5992	2373
670	670
670	3877
670	12437
670	10204
670	3264
670	5659
670	13823
670	5046
670	11997
670	13210
670	14219
670	9394
670	5541
670	4317
670	4155
670	13661
670	13166
670	14714
670	4812
670	788
670	15399
670	9556
670	16172
670	9718
670	7936
670	8665
670	6883
670	11546
670	2535
670	10493
670	6270
670	2373
3877	3877
3877	12437
3877	10204
3877	3264
3877	5659
3877	13823
3877	5046
3877	11997
3877	13210
3877	14219
3877	9394
3877	5541
3877	4317
3877	4155
3877	13661
3877	13166
3877	14714
3877	4812
3877	788
3877	15399
3877	9556
3877	16172
3877	9718
3877	7936
3877	8665
3877	6883
3877	11546
3877	2535
3877	10493
3877	6270
3877	2373
12437	12437
12437	10204
12437	3264
12437	5659
12437	13823
12437	5046
12437	11997
12437	13210
12437	14219
12437	9394
12437	5541
12437	4317
12437	4155
12437	13661
12437	13166
12437	14714
12437	4812
12437	788
12437	15399
12437	9556
12437	16172
12437	9718
12437	7936
12437	8665
12437	6883
12437	11546
12437	2535
12437	10493
12437	6270
12437	2373
10204	10204
10204	3264
10204	5659
10204	13823
10204	5046
10204	11997
10204	13210
10204	14219
10204	9394
10204	5541
10204	4317
10204	4155
10204	13661
10204	13166
10204	14714
10204	4812
10204	788
10204	15399
10204	9556
10204	16172
10204	9718
10204	7936
10204	8665
10204	6883
10204	11546
10204	2535
10204	10493
10204	6270
10204	2373
3264	3264
3264	5659
3264	13823
3264	5046
3264	11997
3264	13210
3264	14219
3264	9394
3264	5541
3264	4317
3264	4155
3264	13661
3264	13166
3264	14714
3264	4812
3264	788
3264	15399
3264	9556
3264	16172
3264	9718
3264	7936
3264	8665
3264	6883
3264	11546
3264	2535
3264	10493
3264	6270
3264	2373
5659	5659
5659	13823
5659	5046
5659	11997
5659	13210
5659	14219
5659	9394
5659	5541
5659	4317
5659	4155
5659	13661
5659	13166
5659	14714
5659	4812
5659	788
5659	15399
5659	9556
5659	16172
5659	9718
5659	7936
5659	8665
5659	6883
5659	11546
5659	2535
5659	10493
5659	6270
5659	2373
13823	13823
13823	5046
13823	11997
13823	13210
13823	14219
13823	9394
13823	5541
13823	4317
13823	4155
13823	13661
13823	13166
13823	14714
13823	4812
13823	788
13823	15399
13823	9556
13823	16172
13823	9718
13823	7936
13823	8665
13823	6883
13823	11546
13823	2535
13823	10493
13823	6270
13823	2373
5046	5046
5046	11997
5046	13210
5046	14219
5046	9394
5046	5541
5046	4317
5046	4155
5046	13661
5046	13166
5046	14714
5046	4812
5046	788
5046	15399
5046	9556
5046	16172
5046	9718
5046	7936
5046	8665
5046	6883
5046	11546
5046	2535
5046	10493
5046	6270
5046	2373
11997	11997
11997	13210
11997	14219
11997	9394
11997	5541
11997	4317
11997	4155
11997	13661
11997	13166
11997	14714
11997	4812
11997	788
11997	15399
11997	9556
11997	16172
11997	9718
11997	7936
11997	8665
11997	6883
11997	11546
11997	2535
11997	10493
11997	6270
11997	2373
13210	13210
13210	14219
13210	9394
13210	5541
13210	4317
13210	4155
13210	13661
13210	13166
13210	14714
13210	4812
13210	788
13210	15399
13210	9556
13210	16172
13210	9718
13210	7936
13210	8665
13210	6883
13210	11546
13210	2535
13210	10493
13210	6270
13210	2373
14219	14219
14219	9394
14219	5541
14219	4317
14219	4155
14219	13661
14219	13166
14219	14714
14219	4812
14219	788
14219	15399
14219	9556
14219	16172
14219	9718
14219	7936
14219	8665
14219	6883
14219	11546
14219	2535
14219	10493
14219	6270
14219	2373
9394	9394
9394	5541
9394	4317
9394	4155
9394	13661
9394	13166
9394	14714
9394	4812
9394	788
9394	15399
9394	9556
9394	16172
9394	9718
9394	7936
9394	8665
9394	6883
9394	11546
9394	2535
9394	10493
9394	6270
9394	2373
5541	5541
5541	4317
5541	4155
5541	13661
5541	13166
5541	14714
5541	4812
5541	788
5541	15399
5541	9556
5541	16172
5541	9718
5541	7936
5541	8665
5541	6883
5541	11546
5541	2535
5541	10493
5541	6270
5541	2373
4317	4317
4317	4155
4317	13661
4317	13166
4317	14714
4317	4812
4317	788
4317	15399
4317	9556
4317	16172
4317	9718
4317	7936
4317	8665
4317	6883
4317	11546
4317	2535
4317	10493
4317	6270
4317	2373
4155	4155
4155	13661
4155	13166
4155	14714
4155	4812
4155	788
4155	15399
4155	9556
4155	16172
4155	9718
4155	7936
4155	8665
4155	6883
4155	11546
4155	2535
4155	10493
4155	6270
4155	2373
13661	13661
13661	13166
13661	14714
13661	4812
13661	788
13661	15399
13661	9556
13661	16172
13661	9718
13661	7936
13661	8665
13661	6883
13661	11546
13661	2535
13661	10493
13661	6270
13661	2373
13166	13166
13166	14714
13166	4812
13166	788
13166	15399
13166	9556
13166	16172
13166	9718
13166	7936
13166	8665
13166	6883
13166	11546
13166	2535
13166	10493
13166	6270
13166	2373
14714	14714
14714	4812
14714	788
14714	15399
14714	9556
14714	16172
14714	9718
14714	7936
14714	8665
14714	6883
14714	11546
14714	2535
14714	10493
14714	6270
14714	2373
4812	4812
4812	788
4812	15399
4812	9556
4812	16172
4812	9718
4812	7936
4812	8665
4812	6883
4812	11546
4812	2535
4812	10493
4812	6270
4812	2373
788	788
788	15399
788	9556
788	16172
788	9718
788	7936
788	8665
788	6883
788	11546
788	2535
788	10493
788	6270
788	2373
15399	15399
15399	9556
15399	16172
15399	9718
15399	7936
15399	8665
15399	6883
15399	11546
15399	2535
15399	10493
15399	6270
15399	2373
9556	9556
9556	16172
9556	9718
9556	7936
9556	8665
9556	6883
9556	11546
9556	2535
9556	10493
9556	6270
9556	2373
16172	16172
16172	9718
16172	7936
16172	8665
16172	6883
16172	11546
16172	2535
16172	10493
16172	6270
16172	2373
9718	9718
9718	7936
9718	8665
9718	6883
9718	11546
9718	2535
9718	10493
9718	6270
9718	2373
7936	7936
7936	8665
7936	6883
7936	11546
7936	2535
7936	10493
7936	6270
7936	2373
8665	8665
8665	6883
8665	11546
8665	2535
8665	10493
8665	6270
8665	2373
6883	6883
6883	11546
6883	2535
6883	10493
6883	6270
6883	2373
11546	11546
11546	2535
11546	10493
11546	6270
11546	2373
2535	2535
2535	10493
2535	6270
2535	2373
10493	10493
10493	6270
10493	2373
6270	6270
6270	2373
2373	2373
